{
 "cells": [
  {
   "cell_type": "markdown",
   "metadata": {},
   "source": [
    "# Application of statistical inference techniques to Chicago Rideshare dataset\n",
    "\n"
   ]
  },
  {
   "cell_type": "markdown",
   "metadata": {},
   "source": [
    "**Background**\n",
    "\n",
    "Since November 2018, rideshare providers (Lyft, Uber, etc) operating in Chicago are required by ordinance to submit periodic data reports with basic rideshare information to the City.  The main [Trips dataset](https://data.cityofchicago.org/Transportation/Transportation-Network-Providers-Trips/m6dm-c72p) includes information about individual rides, including starting and ending times and locations, fares and tips, and whether the rides were pooled.  The Trips data are anonymized, so trip starting and ending locations are generalized to the nearest census tract, and drivers cannot be linked to particular rides they provided.  The currently available dataset goes through June 2019, however the portion used for this exercise goes from November 2018 through March 2019.\n",
    "\n",
    "To prepare for the analyses and visualizations in this notebook, the Trips data was cleaned, aggregated, and enriched with climate and census data.  A preliminary exploration of this dataset is available [here](https://github.com/LisaATaylor/Rideshare/blob/master/Chicago%20Rideshare%20Data%20Story.ipynb).\n",
    "\n",
    "**Evaluation**\n",
    "\n",
    "The questions explored by this notebook include:\n",
    "1. Which variables are significant in explaining ride price?\n",
    "2. Are riders picked up from the airport more or less likely to tip?  Riders in pooled trips?\n",
    "3. Does ride demand follow a Poisson distribution?  Does time between rides follow an Exponential distribution?\n",
    "4. What is the expected fare for an airport pickup?\n",
    "5. Does weather impact ride distance or duration?\n"
   ]
  },
  {
   "cell_type": "markdown",
   "metadata": {},
   "source": [
    "---\n",
    "\n",
    "## Setup"
   ]
  },
  {
   "cell_type": "code",
   "execution_count": 1,
   "metadata": {},
   "outputs": [],
   "source": [
    "%config IPCompleter.greedy=True"
   ]
  },
  {
   "cell_type": "code",
   "execution_count": 2,
   "metadata": {},
   "outputs": [],
   "source": [
    "import csv\n",
    "import os\n",
    "import matplotlib.pyplot as plt\n",
    "from datetime import datetime,date,timedelta\n",
    "import numpy as np\n",
    "import pandas as pd\n",
    "import geopandas as gpd\n",
    "import seaborn as sns\n",
    "import contextily as ctx #for basemaps\n",
    "import scipy.stats as stats\n"
   ]
  },
  {
   "cell_type": "code",
   "execution_count": 3,
   "metadata": {},
   "outputs": [],
   "source": [
    "plt.rcParams['figure.figsize'] = [15, 5]\n",
    "sns.set()"
   ]
  },
  {
   "cell_type": "code",
   "execution_count": 4,
   "metadata": {},
   "outputs": [],
   "source": [
    "#load pickled/munged data \n",
    "datadir=r'/Users/rtaylor/Desktop/Springboard/DataSets/Rideshare'\n",
    "\n",
    "#5% sample of rides from raw data\n",
    "ridesdf=pd.read_pickle(os.path.join(datadir,'sampled_reformatted_df'))\n",
    "\n",
    "#data aggregated hourly by pickup census tract, with census info, weather and geography\n",
    "daily_df=pd.read_pickle(os.path.join(datadir,'agg_daily_all_gdf'))\n",
    "daily_gdf = gpd.GeoDataFrame(daily_df, geometry='geometry')\n",
    "\n",
    "#data aggregated daily by pickup census tract, with geography\n",
    "agg_hourly_all=pd.read_pickle(os.path.join(datadir,'agg_hourly_all_gdf'))\n",
    "hourly_gdf= gpd.GeoDataFrame(agg_hourly_all, geometry='geometry')\n",
    "\n",
    "#5% sample of individual rides with weather and census\n",
    "rwc_df=pd.read_pickle(os.path.join(datadir,'indiv_rides_with_weather_census'))"
   ]
  },
  {
   "cell_type": "markdown",
   "metadata": {},
   "source": [
    "## Q1:  Are some variables particularly significant in term of explaining ride price?"
   ]
  },
  {
   "cell_type": "code",
   "execution_count": 5,
   "metadata": {},
   "outputs": [
    {
     "name": "stderr",
     "output_type": "stream",
     "text": [
      "/Users/rtaylor/anaconda3/lib/python3.7/site-packages/pandas/core/indexing.py:202: SettingWithCopyWarning: \n",
      "A value is trying to be set on a copy of a slice from a DataFrame\n",
      "\n",
      "See the caveats in the documentation: http://pandas.pydata.org/pandas-docs/stable/user_guide/indexing.html#returning-a-view-versus-a-copy\n",
      "  self._setitem_with_indexer(indexer, value)\n"
     ]
    },
    {
     "data": {
      "text/plain": [
       "TripMiles              1.2\n",
       "TripSeconds            576\n",
       "Fare                     5\n",
       "Tip                      1\n",
       "TripTotal              8.5\n",
       "SharedTripAuth           0\n",
       "TripsPooled              1\n",
       "Year                  2018\n",
       "Month                   11\n",
       "DOW                      3\n",
       "Hour                    20\n",
       "HTemp                   39\n",
       "HWind                    6\n",
       "HPrecip                  0\n",
       "Precip                 Dry\n",
       "MedIncome           103060\n",
       "PopDensity         29666.5\n",
       "DistToDowntown    0.767309\n",
       "IsHoliday                0\n",
       "DayPeriod          evening\n",
       "IsAirportPU              0\n",
       "Name: 999, dtype: object"
      ]
     },
     "execution_count": 5,
     "metadata": {},
     "output_type": "execute_result"
    }
   ],
   "source": [
    "rwc_sub=rwc_df[['TripMiles','TripSeconds',\n",
    "       'Fare', 'Tip', 'TripTotal', 'SharedTripAuth',\n",
    "       'TripsPooled',  'Year', 'Month', 'DOW', 'Hour', \n",
    "       'HTemp', 'HWind', 'HPrecip', 'Precip',  'MedIncome',\n",
    "       'PopDensity', 'DistToDowntown', \n",
    "       'IsHoliday', 'DayPeriod', 'IsAirportPU']]\n",
    "rwc_sub.loc['Precip']=rwc_sub['Precip'].apply(lambda x: True if x=='Wet' else False)#Obj to bool\n",
    "rwc_sub.iloc[999]"
   ]
  },
  {
   "cell_type": "code",
   "execution_count": 6,
   "metadata": {},
   "outputs": [
    {
     "data": {
      "text/html": [
       "<div>\n",
       "<style scoped>\n",
       "    .dataframe tbody tr th:only-of-type {\n",
       "        vertical-align: middle;\n",
       "    }\n",
       "\n",
       "    .dataframe tbody tr th {\n",
       "        vertical-align: top;\n",
       "    }\n",
       "\n",
       "    .dataframe thead th {\n",
       "        text-align: right;\n",
       "    }\n",
       "</style>\n",
       "<table border=\"1\" class=\"dataframe\">\n",
       "  <thead>\n",
       "    <tr style=\"text-align: right;\">\n",
       "      <th></th>\n",
       "      <th>TripMiles</th>\n",
       "      <th>TripSeconds</th>\n",
       "      <th>Fare</th>\n",
       "      <th>Tip</th>\n",
       "      <th>TripTotal</th>\n",
       "      <th>SharedTripAuth</th>\n",
       "      <th>TripsPooled</th>\n",
       "      <th>Year</th>\n",
       "      <th>Month</th>\n",
       "      <th>DOW</th>\n",
       "      <th>Hour</th>\n",
       "      <th>HTemp</th>\n",
       "      <th>HWind</th>\n",
       "      <th>HPrecip</th>\n",
       "      <th>MedIncome</th>\n",
       "      <th>PopDensity</th>\n",
       "      <th>DistToDowntown</th>\n",
       "      <th>IsHoliday</th>\n",
       "      <th>IsAirportPU</th>\n",
       "    </tr>\n",
       "  </thead>\n",
       "  <tbody>\n",
       "    <tr>\n",
       "      <th>TripMiles</th>\n",
       "      <td>1.000000</td>\n",
       "      <td>0.804239</td>\n",
       "      <td>0.837921</td>\n",
       "      <td>0.211892</td>\n",
       "      <td>0.832360</td>\n",
       "      <td>0.052936</td>\n",
       "      <td>0.093036</td>\n",
       "      <td>-0.006727</td>\n",
       "      <td>0.007349</td>\n",
       "      <td>-0.039848</td>\n",
       "      <td>-0.059677</td>\n",
       "      <td>0.009104</td>\n",
       "      <td>-0.002628</td>\n",
       "      <td>-0.013303</td>\n",
       "      <td>-0.202333</td>\n",
       "      <td>-0.152911</td>\n",
       "      <td>0.398033</td>\n",
       "      <td>0.020178</td>\n",
       "      <td>0.479135</td>\n",
       "    </tr>\n",
       "    <tr>\n",
       "      <th>TripSeconds</th>\n",
       "      <td>0.804239</td>\n",
       "      <td>1.000000</td>\n",
       "      <td>0.735228</td>\n",
       "      <td>0.168404</td>\n",
       "      <td>0.702936</td>\n",
       "      <td>0.160544</td>\n",
       "      <td>0.230800</td>\n",
       "      <td>-0.020037</td>\n",
       "      <td>0.021682</td>\n",
       "      <td>-0.073843</td>\n",
       "      <td>-0.031248</td>\n",
       "      <td>0.029955</td>\n",
       "      <td>0.005297</td>\n",
       "      <td>-0.016394</td>\n",
       "      <td>-0.171755</td>\n",
       "      <td>-0.113347</td>\n",
       "      <td>0.298901</td>\n",
       "      <td>-0.012731</td>\n",
       "      <td>0.321748</td>\n",
       "    </tr>\n",
       "    <tr>\n",
       "      <th>Fare</th>\n",
       "      <td>0.837921</td>\n",
       "      <td>0.735228</td>\n",
       "      <td>1.000000</td>\n",
       "      <td>0.265251</td>\n",
       "      <td>0.972621</td>\n",
       "      <td>-0.176114</td>\n",
       "      <td>-0.147021</td>\n",
       "      <td>-0.014256</td>\n",
       "      <td>0.016364</td>\n",
       "      <td>-0.031028</td>\n",
       "      <td>-0.047818</td>\n",
       "      <td>0.015017</td>\n",
       "      <td>-0.004782</td>\n",
       "      <td>-0.005556</td>\n",
       "      <td>-0.126315</td>\n",
       "      <td>-0.116472</td>\n",
       "      <td>0.313175</td>\n",
       "      <td>0.011576</td>\n",
       "      <td>0.430171</td>\n",
       "    </tr>\n",
       "    <tr>\n",
       "      <th>Tip</th>\n",
       "      <td>0.211892</td>\n",
       "      <td>0.168404</td>\n",
       "      <td>0.265251</td>\n",
       "      <td>1.000000</td>\n",
       "      <td>0.422135</td>\n",
       "      <td>-0.116732</td>\n",
       "      <td>-0.091063</td>\n",
       "      <td>-0.009412</td>\n",
       "      <td>0.010195</td>\n",
       "      <td>-0.008141</td>\n",
       "      <td>0.001178</td>\n",
       "      <td>0.006814</td>\n",
       "      <td>0.004307</td>\n",
       "      <td>0.002053</td>\n",
       "      <td>-0.003777</td>\n",
       "      <td>-0.039721</td>\n",
       "      <td>0.070764</td>\n",
       "      <td>0.005950</td>\n",
       "      <td>0.159779</td>\n",
       "    </tr>\n",
       "    <tr>\n",
       "      <th>TripTotal</th>\n",
       "      <td>0.832360</td>\n",
       "      <td>0.702936</td>\n",
       "      <td>0.972621</td>\n",
       "      <td>0.422135</td>\n",
       "      <td>1.000000</td>\n",
       "      <td>-0.236659</td>\n",
       "      <td>-0.174431</td>\n",
       "      <td>-0.012331</td>\n",
       "      <td>0.014479</td>\n",
       "      <td>-0.031303</td>\n",
       "      <td>-0.048198</td>\n",
       "      <td>0.015680</td>\n",
       "      <td>-0.002987</td>\n",
       "      <td>-0.005553</td>\n",
       "      <td>-0.115445</td>\n",
       "      <td>-0.124779</td>\n",
       "      <td>0.317991</td>\n",
       "      <td>0.013955</td>\n",
       "      <td>0.478120</td>\n",
       "    </tr>\n",
       "    <tr>\n",
       "      <th>SharedTripAuth</th>\n",
       "      <td>0.052936</td>\n",
       "      <td>0.160544</td>\n",
       "      <td>-0.176114</td>\n",
       "      <td>-0.116732</td>\n",
       "      <td>-0.236659</td>\n",
       "      <td>1.000000</td>\n",
       "      <td>0.720131</td>\n",
       "      <td>0.001037</td>\n",
       "      <td>-0.004070</td>\n",
       "      <td>-0.055994</td>\n",
       "      <td>0.004239</td>\n",
       "      <td>-0.015685</td>\n",
       "      <td>0.013195</td>\n",
       "      <td>-0.004989</td>\n",
       "      <td>-0.130956</td>\n",
       "      <td>-0.050021</td>\n",
       "      <td>0.067568</td>\n",
       "      <td>0.000381</td>\n",
       "      <td>-0.045669</td>\n",
       "    </tr>\n",
       "    <tr>\n",
       "      <th>TripsPooled</th>\n",
       "      <td>0.093036</td>\n",
       "      <td>0.230800</td>\n",
       "      <td>-0.147021</td>\n",
       "      <td>-0.091063</td>\n",
       "      <td>-0.174431</td>\n",
       "      <td>0.720131</td>\n",
       "      <td>1.000000</td>\n",
       "      <td>0.030945</td>\n",
       "      <td>-0.030994</td>\n",
       "      <td>-0.046194</td>\n",
       "      <td>0.004306</td>\n",
       "      <td>-0.023933</td>\n",
       "      <td>0.013725</td>\n",
       "      <td>-0.004454</td>\n",
       "      <td>-0.104345</td>\n",
       "      <td>-0.034548</td>\n",
       "      <td>0.048443</td>\n",
       "      <td>-0.002731</td>\n",
       "      <td>-0.035714</td>\n",
       "    </tr>\n",
       "    <tr>\n",
       "      <th>Year</th>\n",
       "      <td>-0.006727</td>\n",
       "      <td>-0.020037</td>\n",
       "      <td>-0.014256</td>\n",
       "      <td>-0.009412</td>\n",
       "      <td>-0.012331</td>\n",
       "      <td>0.001037</td>\n",
       "      <td>0.030945</td>\n",
       "      <td>1.000000</td>\n",
       "      <td>-0.987952</td>\n",
       "      <td>-0.018968</td>\n",
       "      <td>-0.009069</td>\n",
       "      <td>-0.231833</td>\n",
       "      <td>0.134212</td>\n",
       "      <td>-0.023653</td>\n",
       "      <td>-0.023081</td>\n",
       "      <td>-0.008727</td>\n",
       "      <td>0.018973</td>\n",
       "      <td>0.006233</td>\n",
       "      <td>-0.006698</td>\n",
       "    </tr>\n",
       "    <tr>\n",
       "      <th>Month</th>\n",
       "      <td>0.007349</td>\n",
       "      <td>0.021682</td>\n",
       "      <td>0.016364</td>\n",
       "      <td>0.010195</td>\n",
       "      <td>0.014479</td>\n",
       "      <td>-0.004070</td>\n",
       "      <td>-0.030994</td>\n",
       "      <td>-0.987952</td>\n",
       "      <td>1.000000</td>\n",
       "      <td>0.028022</td>\n",
       "      <td>0.010091</td>\n",
       "      <td>0.278215</td>\n",
       "      <td>-0.138720</td>\n",
       "      <td>0.032916</td>\n",
       "      <td>0.021515</td>\n",
       "      <td>0.008403</td>\n",
       "      <td>-0.017697</td>\n",
       "      <td>-0.028114</td>\n",
       "      <td>0.005832</td>\n",
       "    </tr>\n",
       "    <tr>\n",
       "      <th>DOW</th>\n",
       "      <td>-0.039848</td>\n",
       "      <td>-0.073843</td>\n",
       "      <td>-0.031028</td>\n",
       "      <td>-0.008141</td>\n",
       "      <td>-0.031303</td>\n",
       "      <td>-0.055994</td>\n",
       "      <td>-0.046194</td>\n",
       "      <td>-0.018968</td>\n",
       "      <td>0.028022</td>\n",
       "      <td>1.000000</td>\n",
       "      <td>-0.037991</td>\n",
       "      <td>0.075309</td>\n",
       "      <td>-0.062462</td>\n",
       "      <td>0.041224</td>\n",
       "      <td>0.027422</td>\n",
       "      <td>0.040132</td>\n",
       "      <td>0.012599</td>\n",
       "      <td>-0.229841</td>\n",
       "      <td>-0.034534</td>\n",
       "    </tr>\n",
       "    <tr>\n",
       "      <th>Hour</th>\n",
       "      <td>-0.059677</td>\n",
       "      <td>-0.031248</td>\n",
       "      <td>-0.047818</td>\n",
       "      <td>0.001178</td>\n",
       "      <td>-0.048198</td>\n",
       "      <td>0.004239</td>\n",
       "      <td>0.004306</td>\n",
       "      <td>-0.009069</td>\n",
       "      <td>0.010091</td>\n",
       "      <td>-0.037991</td>\n",
       "      <td>1.000000</td>\n",
       "      <td>0.063699</td>\n",
       "      <td>0.045669</td>\n",
       "      <td>0.021419</td>\n",
       "      <td>0.034967</td>\n",
       "      <td>-0.035629</td>\n",
       "      <td>-0.018104</td>\n",
       "      <td>-0.049284</td>\n",
       "      <td>0.025556</td>\n",
       "    </tr>\n",
       "    <tr>\n",
       "      <th>HTemp</th>\n",
       "      <td>0.009104</td>\n",
       "      <td>0.029955</td>\n",
       "      <td>0.015017</td>\n",
       "      <td>0.006814</td>\n",
       "      <td>0.015680</td>\n",
       "      <td>-0.015685</td>\n",
       "      <td>-0.023933</td>\n",
       "      <td>-0.231833</td>\n",
       "      <td>0.278215</td>\n",
       "      <td>0.075309</td>\n",
       "      <td>0.063699</td>\n",
       "      <td>1.000000</td>\n",
       "      <td>-0.000186</td>\n",
       "      <td>0.142283</td>\n",
       "      <td>0.008459</td>\n",
       "      <td>-0.008125</td>\n",
       "      <td>-0.008989</td>\n",
       "      <td>-0.053271</td>\n",
       "      <td>0.009584</td>\n",
       "    </tr>\n",
       "    <tr>\n",
       "      <th>HWind</th>\n",
       "      <td>-0.002628</td>\n",
       "      <td>0.005297</td>\n",
       "      <td>-0.004782</td>\n",
       "      <td>0.004307</td>\n",
       "      <td>-0.002987</td>\n",
       "      <td>0.013195</td>\n",
       "      <td>0.013725</td>\n",
       "      <td>0.134212</td>\n",
       "      <td>-0.138720</td>\n",
       "      <td>-0.062462</td>\n",
       "      <td>0.045669</td>\n",
       "      <td>-0.000186</td>\n",
       "      <td>1.000000</td>\n",
       "      <td>0.045911</td>\n",
       "      <td>-0.007503</td>\n",
       "      <td>-0.009170</td>\n",
       "      <td>0.001424</td>\n",
       "      <td>-0.035773</td>\n",
       "      <td>0.009000</td>\n",
       "    </tr>\n",
       "    <tr>\n",
       "      <th>HPrecip</th>\n",
       "      <td>-0.013303</td>\n",
       "      <td>-0.016394</td>\n",
       "      <td>-0.005556</td>\n",
       "      <td>0.002053</td>\n",
       "      <td>-0.005553</td>\n",
       "      <td>-0.004989</td>\n",
       "      <td>-0.004454</td>\n",
       "      <td>-0.023653</td>\n",
       "      <td>0.032916</td>\n",
       "      <td>0.041224</td>\n",
       "      <td>0.021419</td>\n",
       "      <td>0.142283</td>\n",
       "      <td>0.045911</td>\n",
       "      <td>1.000000</td>\n",
       "      <td>0.006430</td>\n",
       "      <td>0.005691</td>\n",
       "      <td>-0.004955</td>\n",
       "      <td>-0.026264</td>\n",
       "      <td>-0.005200</td>\n",
       "    </tr>\n",
       "    <tr>\n",
       "      <th>MedIncome</th>\n",
       "      <td>-0.202333</td>\n",
       "      <td>-0.171755</td>\n",
       "      <td>-0.126315</td>\n",
       "      <td>-0.003777</td>\n",
       "      <td>-0.115445</td>\n",
       "      <td>-0.130956</td>\n",
       "      <td>-0.104345</td>\n",
       "      <td>-0.023081</td>\n",
       "      <td>0.021515</td>\n",
       "      <td>0.027422</td>\n",
       "      <td>0.034967</td>\n",
       "      <td>0.008459</td>\n",
       "      <td>-0.007503</td>\n",
       "      <td>0.006430</td>\n",
       "      <td>1.000000</td>\n",
       "      <td>0.032995</td>\n",
       "      <td>-0.527222</td>\n",
       "      <td>-0.001505</td>\n",
       "      <td>-0.177531</td>\n",
       "    </tr>\n",
       "    <tr>\n",
       "      <th>PopDensity</th>\n",
       "      <td>-0.152911</td>\n",
       "      <td>-0.113347</td>\n",
       "      <td>-0.116472</td>\n",
       "      <td>-0.039721</td>\n",
       "      <td>-0.124779</td>\n",
       "      <td>-0.050021</td>\n",
       "      <td>-0.034548</td>\n",
       "      <td>-0.008727</td>\n",
       "      <td>0.008403</td>\n",
       "      <td>0.040132</td>\n",
       "      <td>-0.035629</td>\n",
       "      <td>-0.008125</td>\n",
       "      <td>-0.009170</td>\n",
       "      <td>0.005691</td>\n",
       "      <td>0.032995</td>\n",
       "      <td>1.000000</td>\n",
       "      <td>-0.223703</td>\n",
       "      <td>0.000084</td>\n",
       "      <td>-0.239222</td>\n",
       "    </tr>\n",
       "    <tr>\n",
       "      <th>DistToDowntown</th>\n",
       "      <td>0.398033</td>\n",
       "      <td>0.298901</td>\n",
       "      <td>0.313175</td>\n",
       "      <td>0.070764</td>\n",
       "      <td>0.317991</td>\n",
       "      <td>0.067568</td>\n",
       "      <td>0.048443</td>\n",
       "      <td>0.018973</td>\n",
       "      <td>-0.017697</td>\n",
       "      <td>0.012599</td>\n",
       "      <td>-0.018104</td>\n",
       "      <td>-0.008989</td>\n",
       "      <td>0.001424</td>\n",
       "      <td>-0.004955</td>\n",
       "      <td>-0.527222</td>\n",
       "      <td>-0.223703</td>\n",
       "      <td>1.000000</td>\n",
       "      <td>0.009674</td>\n",
       "      <td>0.554665</td>\n",
       "    </tr>\n",
       "    <tr>\n",
       "      <th>IsHoliday</th>\n",
       "      <td>0.020178</td>\n",
       "      <td>-0.012731</td>\n",
       "      <td>0.011576</td>\n",
       "      <td>0.005950</td>\n",
       "      <td>0.013955</td>\n",
       "      <td>0.000381</td>\n",
       "      <td>-0.002731</td>\n",
       "      <td>0.006233</td>\n",
       "      <td>-0.028114</td>\n",
       "      <td>-0.229841</td>\n",
       "      <td>-0.049284</td>\n",
       "      <td>-0.053271</td>\n",
       "      <td>-0.035773</td>\n",
       "      <td>-0.026264</td>\n",
       "      <td>-0.001505</td>\n",
       "      <td>0.000084</td>\n",
       "      <td>0.009674</td>\n",
       "      <td>1.000000</td>\n",
       "      <td>0.017274</td>\n",
       "    </tr>\n",
       "    <tr>\n",
       "      <th>IsAirportPU</th>\n",
       "      <td>0.479135</td>\n",
       "      <td>0.321748</td>\n",
       "      <td>0.430171</td>\n",
       "      <td>0.159779</td>\n",
       "      <td>0.478120</td>\n",
       "      <td>-0.045669</td>\n",
       "      <td>-0.035714</td>\n",
       "      <td>-0.006698</td>\n",
       "      <td>0.005832</td>\n",
       "      <td>-0.034534</td>\n",
       "      <td>0.025556</td>\n",
       "      <td>0.009584</td>\n",
       "      <td>0.009000</td>\n",
       "      <td>-0.005200</td>\n",
       "      <td>-0.177531</td>\n",
       "      <td>-0.239222</td>\n",
       "      <td>0.554665</td>\n",
       "      <td>0.017274</td>\n",
       "      <td>1.000000</td>\n",
       "    </tr>\n",
       "  </tbody>\n",
       "</table>\n",
       "</div>"
      ],
      "text/plain": [
       "                TripMiles  TripSeconds      Fare       Tip  TripTotal  \\\n",
       "TripMiles        1.000000     0.804239  0.837921  0.211892   0.832360   \n",
       "TripSeconds      0.804239     1.000000  0.735228  0.168404   0.702936   \n",
       "Fare             0.837921     0.735228  1.000000  0.265251   0.972621   \n",
       "Tip              0.211892     0.168404  0.265251  1.000000   0.422135   \n",
       "TripTotal        0.832360     0.702936  0.972621  0.422135   1.000000   \n",
       "SharedTripAuth   0.052936     0.160544 -0.176114 -0.116732  -0.236659   \n",
       "TripsPooled      0.093036     0.230800 -0.147021 -0.091063  -0.174431   \n",
       "Year            -0.006727    -0.020037 -0.014256 -0.009412  -0.012331   \n",
       "Month            0.007349     0.021682  0.016364  0.010195   0.014479   \n",
       "DOW             -0.039848    -0.073843 -0.031028 -0.008141  -0.031303   \n",
       "Hour            -0.059677    -0.031248 -0.047818  0.001178  -0.048198   \n",
       "HTemp            0.009104     0.029955  0.015017  0.006814   0.015680   \n",
       "HWind           -0.002628     0.005297 -0.004782  0.004307  -0.002987   \n",
       "HPrecip         -0.013303    -0.016394 -0.005556  0.002053  -0.005553   \n",
       "MedIncome       -0.202333    -0.171755 -0.126315 -0.003777  -0.115445   \n",
       "PopDensity      -0.152911    -0.113347 -0.116472 -0.039721  -0.124779   \n",
       "DistToDowntown   0.398033     0.298901  0.313175  0.070764   0.317991   \n",
       "IsHoliday        0.020178    -0.012731  0.011576  0.005950   0.013955   \n",
       "IsAirportPU      0.479135     0.321748  0.430171  0.159779   0.478120   \n",
       "\n",
       "                SharedTripAuth  TripsPooled      Year     Month       DOW  \\\n",
       "TripMiles             0.052936     0.093036 -0.006727  0.007349 -0.039848   \n",
       "TripSeconds           0.160544     0.230800 -0.020037  0.021682 -0.073843   \n",
       "Fare                 -0.176114    -0.147021 -0.014256  0.016364 -0.031028   \n",
       "Tip                  -0.116732    -0.091063 -0.009412  0.010195 -0.008141   \n",
       "TripTotal            -0.236659    -0.174431 -0.012331  0.014479 -0.031303   \n",
       "SharedTripAuth        1.000000     0.720131  0.001037 -0.004070 -0.055994   \n",
       "TripsPooled           0.720131     1.000000  0.030945 -0.030994 -0.046194   \n",
       "Year                  0.001037     0.030945  1.000000 -0.987952 -0.018968   \n",
       "Month                -0.004070    -0.030994 -0.987952  1.000000  0.028022   \n",
       "DOW                  -0.055994    -0.046194 -0.018968  0.028022  1.000000   \n",
       "Hour                  0.004239     0.004306 -0.009069  0.010091 -0.037991   \n",
       "HTemp                -0.015685    -0.023933 -0.231833  0.278215  0.075309   \n",
       "HWind                 0.013195     0.013725  0.134212 -0.138720 -0.062462   \n",
       "HPrecip              -0.004989    -0.004454 -0.023653  0.032916  0.041224   \n",
       "MedIncome            -0.130956    -0.104345 -0.023081  0.021515  0.027422   \n",
       "PopDensity           -0.050021    -0.034548 -0.008727  0.008403  0.040132   \n",
       "DistToDowntown        0.067568     0.048443  0.018973 -0.017697  0.012599   \n",
       "IsHoliday             0.000381    -0.002731  0.006233 -0.028114 -0.229841   \n",
       "IsAirportPU          -0.045669    -0.035714 -0.006698  0.005832 -0.034534   \n",
       "\n",
       "                    Hour     HTemp     HWind   HPrecip  MedIncome  PopDensity  \\\n",
       "TripMiles      -0.059677  0.009104 -0.002628 -0.013303  -0.202333   -0.152911   \n",
       "TripSeconds    -0.031248  0.029955  0.005297 -0.016394  -0.171755   -0.113347   \n",
       "Fare           -0.047818  0.015017 -0.004782 -0.005556  -0.126315   -0.116472   \n",
       "Tip             0.001178  0.006814  0.004307  0.002053  -0.003777   -0.039721   \n",
       "TripTotal      -0.048198  0.015680 -0.002987 -0.005553  -0.115445   -0.124779   \n",
       "SharedTripAuth  0.004239 -0.015685  0.013195 -0.004989  -0.130956   -0.050021   \n",
       "TripsPooled     0.004306 -0.023933  0.013725 -0.004454  -0.104345   -0.034548   \n",
       "Year           -0.009069 -0.231833  0.134212 -0.023653  -0.023081   -0.008727   \n",
       "Month           0.010091  0.278215 -0.138720  0.032916   0.021515    0.008403   \n",
       "DOW            -0.037991  0.075309 -0.062462  0.041224   0.027422    0.040132   \n",
       "Hour            1.000000  0.063699  0.045669  0.021419   0.034967   -0.035629   \n",
       "HTemp           0.063699  1.000000 -0.000186  0.142283   0.008459   -0.008125   \n",
       "HWind           0.045669 -0.000186  1.000000  0.045911  -0.007503   -0.009170   \n",
       "HPrecip         0.021419  0.142283  0.045911  1.000000   0.006430    0.005691   \n",
       "MedIncome       0.034967  0.008459 -0.007503  0.006430   1.000000    0.032995   \n",
       "PopDensity     -0.035629 -0.008125 -0.009170  0.005691   0.032995    1.000000   \n",
       "DistToDowntown -0.018104 -0.008989  0.001424 -0.004955  -0.527222   -0.223703   \n",
       "IsHoliday      -0.049284 -0.053271 -0.035773 -0.026264  -0.001505    0.000084   \n",
       "IsAirportPU     0.025556  0.009584  0.009000 -0.005200  -0.177531   -0.239222   \n",
       "\n",
       "                DistToDowntown  IsHoliday  IsAirportPU  \n",
       "TripMiles             0.398033   0.020178     0.479135  \n",
       "TripSeconds           0.298901  -0.012731     0.321748  \n",
       "Fare                  0.313175   0.011576     0.430171  \n",
       "Tip                   0.070764   0.005950     0.159779  \n",
       "TripTotal             0.317991   0.013955     0.478120  \n",
       "SharedTripAuth        0.067568   0.000381    -0.045669  \n",
       "TripsPooled           0.048443  -0.002731    -0.035714  \n",
       "Year                  0.018973   0.006233    -0.006698  \n",
       "Month                -0.017697  -0.028114     0.005832  \n",
       "DOW                   0.012599  -0.229841    -0.034534  \n",
       "Hour                 -0.018104  -0.049284     0.025556  \n",
       "HTemp                -0.008989  -0.053271     0.009584  \n",
       "HWind                 0.001424  -0.035773     0.009000  \n",
       "HPrecip              -0.004955  -0.026264    -0.005200  \n",
       "MedIncome            -0.527222  -0.001505    -0.177531  \n",
       "PopDensity           -0.223703   0.000084    -0.239222  \n",
       "DistToDowntown        1.000000   0.009674     0.554665  \n",
       "IsHoliday             0.009674   1.000000     0.017274  \n",
       "IsAirportPU           0.554665   0.017274     1.000000  "
      ]
     },
     "execution_count": 6,
     "metadata": {},
     "output_type": "execute_result"
    }
   ],
   "source": [
    "#Correlation matrix\n",
    "rwc_sub.corr()"
   ]
  },
  {
   "cell_type": "markdown",
   "metadata": {},
   "source": [
    "Variables most correlated with TripTotal (total fare) are distance, duration, base fare, Airport, and dist to downtown\n",
    "These are all confounded."
   ]
  },
  {
   "cell_type": "markdown",
   "metadata": {},
   "source": [
    "## Q2a:  Are riders picked up from the airport more or less likely to tip?\n",
    "### Approach:  \n",
    "* 2-sample Z test comparing proportions of rides with tips\n",
    "* Ho = there is no difference in proportion of rides with tips\n",
    "* samples are divided into those from airport census tracts and all other tracts\n"
   ]
  },
  {
   "cell_type": "code",
   "execution_count": 7,
   "metadata": {},
   "outputs": [
    {
     "name": "stdout",
     "output_type": "stream",
     "text": [
      "Z-score: 80\n"
     ]
    }
   ],
   "source": [
    "# Are riders picked up from airports more likely to tip than riders from other locations?\n",
    "# Prepare data (recall, ridesdf is 5% sample of full rideshare dataset)\n",
    "tracts={'OHare Airport':'17031980000','Midway Airport':'17031980100','Downtown':'17031839100','Wicker Park':'17031240300','Forest Glen':'17031120200','University of Chicago':'17031836200'}\n",
    "ridesdf['Tipped']=ridesdf['Tip']>0\n",
    "ridesdf['AirportPU']=ridesdf['PUCensusTract'].isin([tracts['OHare Airport'],tracts['Midway Airport']])\n",
    "\n",
    "tipsdf = ridesdf.groupby('AirportPU')['Tipped'].agg([sum,'count'])\n",
    "tipsdf.columns =['NumTippedRides','NumRides']\n",
    "tipsdf['PropTips']=tipsdf['NumTippedRides']/tipsdf['NumRides']\n",
    "\n",
    "# Two sample Z-test for difference between sample proportions\n",
    "# CLT applies if np and n(1-p) are both >5\n",
    "# Ho:  p_air = p_other\n",
    "# Alpha = 0.05 --> Z = +/- 1.96\n",
    "p_all = tipsdf['NumTippedRides'].sum()/tipsdf['NumRides'].sum()\n",
    "\n",
    "n_other=tipsdf.loc[False,'NumRides']\n",
    "n_air=tipsdf.loc[True,'NumRides']\n",
    "p_other=tipsdf.loc[False,'PropTips']\n",
    "p_air=tipsdf.loc[True,'PropTips']\n",
    "\n",
    "sem =p_all*(1-p_all)*(1/n_other + 1/n_air) #n is big, this value becomes very small\n",
    "Z = (p_air-p_other)/np.sqrt(sem) #SEM is small, so Z gets very large\n",
    "print('Z-score: {:0.0f}'.format(Z))\n",
    "#This is a high z-score\n",
    "#Reject Ho, conclude the odds of getting a tip are higher for airport pickups"
   ]
  },
  {
   "cell_type": "code",
   "execution_count": 8,
   "metadata": {},
   "outputs": [
    {
     "data": {
      "text/html": [
       "<div>\n",
       "<style scoped>\n",
       "    .dataframe tbody tr th:only-of-type {\n",
       "        vertical-align: middle;\n",
       "    }\n",
       "\n",
       "    .dataframe tbody tr th {\n",
       "        vertical-align: top;\n",
       "    }\n",
       "\n",
       "    .dataframe thead th {\n",
       "        text-align: right;\n",
       "    }\n",
       "</style>\n",
       "<table border=\"1\" class=\"dataframe\">\n",
       "  <thead>\n",
       "    <tr style=\"text-align: right;\">\n",
       "      <th></th>\n",
       "      <th>NumTippedRides</th>\n",
       "      <th>NumRides</th>\n",
       "      <th>PropTips</th>\n",
       "    </tr>\n",
       "    <tr>\n",
       "      <th>AirportPU</th>\n",
       "      <th></th>\n",
       "      <th></th>\n",
       "      <th></th>\n",
       "    </tr>\n",
       "  </thead>\n",
       "  <tbody>\n",
       "    <tr>\n",
       "      <th>False</th>\n",
       "      <td>262000.0</td>\n",
       "      <td>1477457</td>\n",
       "      <td>0.177332</td>\n",
       "    </tr>\n",
       "    <tr>\n",
       "      <th>True</th>\n",
       "      <td>14727.0</td>\n",
       "      <td>45275</td>\n",
       "      <td>0.325279</td>\n",
       "    </tr>\n",
       "  </tbody>\n",
       "</table>\n",
       "</div>"
      ],
      "text/plain": [
       "           NumTippedRides  NumRides  PropTips\n",
       "AirportPU                                    \n",
       "False            262000.0   1477457  0.177332\n",
       "True              14727.0     45275  0.325279"
      ]
     },
     "execution_count": 8,
     "metadata": {},
     "output_type": "execute_result"
    }
   ],
   "source": [
    "tipsdf\n"
   ]
  },
  {
   "cell_type": "code",
   "execution_count": 9,
   "metadata": {},
   "outputs": [
    {
     "data": {
      "text/plain": [
       "<matplotlib.axes._subplots.AxesSubplot at 0x1a51d176a0>"
      ]
     },
     "execution_count": 9,
     "metadata": {},
     "output_type": "execute_result"
    },
    {
     "data": {
